794 1194
103 3702
724 7133
797 2862
739 2031
227 9707
876 9495
219 2367
902 8875
653 9743
839 6004
600 9914
848 6487
679 1622
217 1120
489 7184
857 6439
571 5298
395 8239
138 9429
666 9435
834 3740
141 2566
830 2116
669 3923
797 7273
607 1063
678 8444
700 3026
789 2609
799 3944
200 2274
968 4876
456 6492
444 1003
392 6387
136 2979
220 2480
783 6553
511 8040
911 6485
405 3128
770 1431
337 9931
465 1729
834 7838
772 1144
353 2790
969 8548
250 3942
426 8895
659 4730
213 4680
826 7428
933 7230
956 1933
188 9064
879 6063
846 4066
417 9556
971 4537
505 1863
164 1779
919 6450
326 2088
725 7331
834 8909
748 9658
658 3567
476 8420
925 3404
441 1858
144 9021
831 4991
778 3631
951 8070
653 6654
713 3689
431 5155
223 1588
124 5144
687 2885
511 7675
517 3384
962 5781
504 8821
541 9981
191 2463
414 5635
433 8425
520 7342
306 5579
798 3629
747 1505
618 8604
569 2405
832 7146
614 6382
107 5485
792 8439
253 5815
563 5386
795 5125
473 7261
820 7139
452 9754
951 9360
773 2777
719 9822
718 8780
307 8110
589 5603
847 7612
603 4627
451 1928
214 5389
984 1366
172 4826
575 3625
196 4500
689 3166
111 5640
245 9447
160 8401
972 7695
244 6676
435 4031
854 1944
629 9197
340 8537
320 9989
227 8020
422 9433
370 3658
696 4509
564 2665
221 5325
640 2197
443 7988
933 9243
477 6352
855 9920
468 4081
717 5155
177 4109
807 2696
622 1032
800 3556
297 8656
885 7778
102 8710
570 2229
912 3837
713 8143
733 4740
247 3852
275 3948
619 4701
436 1879
969 2678
663 1858
507 4217
499 5033
817 9814
407 3078
915 8253
589 5816
437 9615
429 6398
165 9951
435 7226
234 2568
581 3273
493 8056
537 7056
722 5267
719 8380
544 4917
898 6431
286 5964
537 4671
740 9649
117 4623
633 5026
360 8895
928 9003
219 1784
394 2449
188 7301
762 7281
771 2349
159 8358
691 5382
608 8049
676 6906
925 1227
722 8077
591 5732
253 8973
1000 8097
569 4287
544 2261
918 3403
385 1465
912 8410
411 4665
587 6156
191 8321
446 6010
122 3759
623 4930
421 9011
883 1435
316 9456
784 5277
716 8529
274 8125
248 4260
496 8916
725 9072
677 5808
566 1338
199 2592
449 7680
917 4660
908 2173
451 5368
992 5266
807 2461
306 3681
469 8364
589 6157
607 4012
106 9913
709 4815
862 6693
562 3206
848 4722
268 3513
107 4976
398 8262
182 6440
852 5158
931 4431
852 3685
322 6274
612 8448
570 4360
876 5641
342 2841
443 8816
744 1177
753 3556
687 8102
290 4448
748 8549
966 7406
649 7017
130 9823
120 8647
463 2967
100 7938
355 6423
509 6833
702 2428
552 9961
801 5836
371 2004
205 2792
571 7964
507 9826
876 9685
454 8777
641 4224
793 1980
221 7346
196 4894
694 8749
205 7800
170 3720
144 9286
726 3156
598 2123
690 3236
947 8120
308 5570
870 5815
361 2880
737 5684
136 3960
531 1830
992 5213
666 3877
516 2591
121 6546
456 9329
353 5590
564 1678
260 1032
538 3831
999 99999
104 2122
166 8478
949 7593
992 3251
935 1888
486 2634
447 6156
142 6843
415 6776
459 6400
234 3310
924 1863
766 6969
441 4269
852 6677
226 8870
580 4180
220 1981
173 7412
714 3867
870 7256
140 9163
756 1176
914 4957
831 9327
320 6708
889 2168
552 6588
754 7880
735 8239
911 4432
344 4610
678 5368
158 5150
164 1015
521 4621
152 8882
168 1427
427 4624
255 1776
823 2726
824 4946
366 7499
939 9794
670 1031
806 3383
154 8349
852 8847
597 9568
294 9623
785 3267
891 2240
194 8110
289 7303
295 4397
279 1251
101 1955
885 7900
127 2755
163 8723
541 9043
362 6205
452 8385
969 3805
405 6918
617 9211
190 4618
888 7844
896 6868
157 2155
912 4613
790 2794
156 9505
764 9897
981 6396
306 4429
511 4812
388 9713
388 3861
241 4807
423 3599
953 3056
331 9084
337 2027
699 8915
374 7453
118 3497
493 5162
495 2071
302 6261
944 6986
292 7698
800 2691
934 5333
154 9841
173 6431
516 3596
545 7854
429 4082
353 9857
704 4149
235 5957
365 2653
690 9458
306 7068
977 1490
584 8557
656 7068
191 6410
775 9593
994 3163
541 2066
363 7632
511 2545
820 8551
352 7305
630 9144
591 6951
861 3655
244 4426
896 7703
878 6930
970 1657
679 9157
601 6836
256 5858
272 1590
669 8806
493 8876
403 2440
518 7548
482 4555
365 5100
195 5563
627 5829
317 5406
852 1255
817 8289
309 5434
420 9404
543 3468
147 4213
817 1267
181 4234
618 8362
564 8440
480 1866
678 2676
562 5836
972 1621
629 1040
279 5375
174 6464
367 1828
921 2394
732 1671
861 2426
609 4242
937 5269
305 8418
594 8862
630 5916
476 7002
390 4113
497 1230
913 2428
821 2315
244 1673
339 2293
854 7410
198 9850
174 9893
325 8404
136 6862
971 2201
714 8573
884 4137
125 4906
529 7358
766 5020
779 9058
735 6680
733 9577
420 2286
232 4406
822 5225
966 3766
832 9401
237 4749
263 1380
356 1417
808 5125
168 7917
583 2834
337 7999
724 4542
998 1583
789 6114
104 4030
703 5503
723 3208
686 4739
441 3101
178 3336
808 9088
239 8615
624 3138
588 4613
200 3289
310 6895
284 7672
537 1376
800 4700
645 9489
474 3131
944 9152
168 4425
787 5280
400 1833
738 8427
194 5689
887 7288
499 2032
585 2557
997 8833
892 5070
556 1634
190 1976
715 7036
122 9908
513 4013
996 9799
352 2596
283 4217
477 1060
702 9474
398 6719
582 7572
952 9947
174 3031
740 5120
815 4126
175 8314
664 1015
310 9929
614 4941
317 4285
244 3562
995 4127
995 6629
168 3049
401 1766
452 1396
982 6051
215 1753
841 4864
855 3834
265 1663
534 2977
831 4667
123 5219
211 9547
629 6472
379 2497
657 9115
275 3184
739 9782
898 7072
984 5968
380 6374
420 9697
832 5365
928 5025
817 7950
799 4201
634 3949
298 8188
104 2672
251 2614
455 3092
283 9848
527 1394
978 3796
838 2145
946 5052
533 7526
337 3424
794 4525
507 1090
825 1847
168 1931
115 7491
147 7956
235 4755
450 7681
860 6031
755 2071
177 6802
820 9079
232 1825
